A = [ 2	11.2062
4	14.2105
6	15.6069
8	16.5138
10	17.0481
12	17.2869
14	17.6543
16	17.7778
18	18.0225
20	18.0225
22	18.2896
24	18.3362
26	18.2741
28	18.4537
30	18.5647
32	18.6368
34	18.799
36	18.7013
38	18.5886
40	18.6127
42	18.799
44	18.8811
46	18.9225
48	18.8317
50	18.9391
52	18.9391
54	18.9723
56	19.0225
58	19.0225
60	19.0728
62	19.056
64	19.115
66	19.1066
68	19.056
70	19.1235
72	19.0644
74	19.0644
76	18.9308
78	18.9723
80	19.115
82	19.1489
84	19.0392
86	19.2342
88	19.132
90	18.8153
92	19.056
94	19.1574
96	18.8235
98	19.0476
100	19.0813
102	19.1066
104	18.989
106	19.1829
108	19.1066
110	19.0728
112	19.1744
114	19.0813
116	19.1066
118	19.1659
120	19.0141
122	19.115
124	19.1744
126	19.132 ];
